// per-channel multiplier (Q31 unsigned, stored as int32)
1692167073
1186271464
2086542273
1936348003
1771055397
1643330184
1870680135
2141116593
1617916464
1580432142
1310923708
1668485257
1934250328
1371779672
1712239846
1856356078
1941341127
2000013293
1607431977
2004662663
1404656622
1197381294
2124757211
1227571951
1578819386
1948449686
1141236125
2076006538
1804176379
1896522160
1130409364
1118139319
1325678382
1407831995
1474614751
1998920978
1676425634
1625758044
1902001867
2008585859
1091985362
1363081668
1687606139
1193138490
2037524812
1233588196
1105221359
1996821083
1499512471
1456244465
1958142689
2019655911
1270511374
2095294671
1773808387
1741207106
1084638043
1724578901
1566774871
1885930365
2062554446
2034950545
1496148939
1102227760
