// per-channel multiplier (Q31 unsigned, stored as int32)
1355633698
1612093972
1137806101
1087122765
1865458389
1864357920
1180419452
1710319385
1747608250
1709700238
1976255197
1622888626
1074349936
1836340788
1368087350
1080188673
1706809682
2012572809
1159035321
2114553014
1972171124
1143969254
2017901162
1692138003
1704683704
1339192886
1894085937
1209229725
1514258083
1186758221
1414192818
1174494528
1999192183
1668106284
2127599246
1637640879
1658079701
1728009591
1473467124
1864058574
1245852421
1748809125
1566745725
1764062033
1503122425
1796531433
1816333023
1151438427
2054273281
1941070358
1165646868
1272575382
1425831502
2130349734
1563834713
1601525948
1938037362
1124833708
1905767277
2108109100
1855813971
1621346497
1078519696
1569194248
1975611978
1755546896
1433430516
1605332752
1905214735
1329327576
1220371620
1954250173
1813555220
1650301080
1200293010
1983907968
2057887131
1790215613
1810404981
1679207518
1950089767
1230746067
1742508397
1076572827
1940931037
2001950778
1360084220
1655782473
1440140349
1745916947
1168995923
1362793672
1994862398
1871732799
1631374452
2110037135
1224303525
1627300732
1938687816
1210474254
1145509512
1261729465
1630934788
1480101996
1166214253
2054020583
1388779120
1712471306
2105397527
1391477222
1230196019
1782667239
1491854556
1816670161
1410973605
1616335825
2006748665
1677721766
1794260896
1204046929
1959905062
1492476322
1254603666
1225992084
1203091393
1550231948
2026007567
1951105921
