// per-channel multiplier (Q31 unsigned, stored as int32)
1170601210
1460440797
1197773018
1659991332
1539502248
2056614753
1432402083
1234620696
1723316379
1345145461
1404010981
1244207388
1375936571
1309374175
1490202388
2121765796
1811861642
2120789640
1181514403
2085784304
1821474294
1353752872
1083950811
1309906362
1821716710
1209087153
1135101306
1177491994
1920801265
1201140169
1603180283
1882394164
2057039973
1196063242
1174508480
1618987838
1551167088
1234082981
1631651550
2072269791
1786031358
1113635121
1138752818
1678729519
1348711280
1249958081
1159845343
1088058431
1735092151
1462284942
1400386511
1246431683
1734190510
1674340541
2082285669
1355161099
1612363869
2076713093
1187637434
1075338953
1112644543
1592617676
1078764394
1605191608
