// per-channel multiplier (Q31 unsigned, stored as int32)
1413509131
1314646986
1990381462
1269748419
1116035081
1959509725
1297012935
1449487698
1287865527
1656840966
1480420095
1489497089
1668469238
1335043003
1092237514
1473167010
1486369023
1116652650
2051035458
1176287676
1305633719
1234539026
1641289722
1342857177
1774818286
2005340777
2077598706
1206536642
1121638252
1720251725
1206788760
1538631128
1333369958
1410098663
1578117332
1095761965
1767702314
1143729145
1082964326
1451154520
1602966847
1477375542
1126911737
1501796345
1119337512
2037953187
1736502471
1227600484
1887469357
1545184712
1387843902
1812069892
1216797215
1165406376
1272697290
1797354334
1342443142
1214811484
1270816159
1491156944
1451065155
1231271245
2105873273
1182297171
