// per-channel multiplier (Q31 unsigned, stored as int32)
1285834031
1353269661
1964747065
1145494908
1775198268
1402479555
1497253953
1284011447
1610254198
1427084392
1556488008
1653084991
1437108662
1825319289
1975682572
1555576660
1291301785
1279455040
2048585956
2141537880
1746036915
1272164592
1146406255
1409769893
1538262162
1612988130
1450777991
1752415906
1813472544
1090817370
1582915429
1222954808
1312261563
1373318091
1754238490
1177390193
1590205767
1325019655
1455334508
1604786444
1652173753
1667665667
1556488008
1688625445
1784311191
1933763237
1194704802
1377874608
1111777148
1162809517
1770641751
1086260964
1628480154
1509100808
1391544048
1707762528
1820762883
1762440176
1843545135
1724165789
1627568806
1374229439
1221132223
1873617836
